   1.7640090e-01   6.2159508e-01   0.0000000e+00
   1.6667115e-01   6.0904396e-01   0.0000000e+00
   1.6307278e-01   6.0716095e-01   0.0000000e+00
   1.6800257e-01   6.0286502e-01   0.0000000e+00
   1.4713141e-01   5.9025879e-01   0.0000000e+00
   1.8144856e-01   5.8370551e-01   0.0000000e+00
   1.6675877e-01   5.8568798e-01   0.0000000e+00
   1.5674248e-01   5.6956811e-01   0.0000000e+00
   1.6136465e-01   5.4592837e-01   0.0000000e+00
   1.6777440e-01   5.5835689e-01   0.0000000e+00
   1.5153919e-01   5.4836994e-01   0.0000000e+00
   1.8009494e-01   5.3146208e-01   0.0000000e+00
   1.7714136e-01   5.4592117e-01   0.0000000e+00
   1.8236425e-01   5.3498850e-01   0.0000000e+00
   1.7843909e-01   5.2232252e-01   0.0000000e+00
   1.7690541e-01   5.2232388e-01   0.0000000e+00
   1.7658903e-01   5.1862742e-01   0.0000000e+00
   1.9224645e-01   5.1210026e-01   0.0000000e+00
   2.0227233e-01   4.8165223e-01   0.0000000e+00
   1.9045723e-01   5.0118797e-01   0.0000000e+00
   2.1236015e-01   4.8646051e-01   0.0000000e+00
   1.9892407e-01   4.7163675e-01   0.0000000e+00
   2.2664863e-01   4.6910236e-01   0.0000000e+00
   2.0038347e-01   4.6983255e-01   0.0000000e+00
   2.1593288e-01   4.7831361e-01   0.0000000e+00
   2.2118624e-01   4.6494170e-01   0.0000000e+00
   2.3104212e-01   4.6358111e-01   0.0000000e+00
   2.4418401e-01   4.4402797e-01   0.0000000e+00
   2.3885387e-01   4.3273757e-01   0.0000000e+00
   2.3387898e-01   4.2327948e-01   0.0000000e+00
   2.4512460e-01   4.1104344e-01   0.0000000e+00
   2.5294377e-01   4.2980370e-01   0.0000000e+00
   2.4577008e-01   4.1500191e-01   0.0000000e+00
   2.5845324e-01   3.9803840e-01   0.0000000e+00
   2.7411161e-01   4.1199853e-01   0.0000000e+00
   2.7160370e-01   3.9816794e-01   0.0000000e+00
   2.7648014e-01   3.9241502e-01   0.0000000e+00
   2.7911532e-01   4.0599080e-01   0.0000000e+00
   2.9473458e-01   3.9083228e-01   0.0000000e+00
   3.0724959e-01   3.8401721e-01   0.0000000e+00
   2.9707730e-01   3.8467619e-01   0.0000000e+00
   3.1655960e-01   3.8031063e-01   0.0000000e+00
   2.9705626e-01   3.5870812e-01   0.0000000e+00
   3.2214839e-01   3.9066676e-01   0.0000000e+00
   3.3173163e-01   3.6031971e-01   0.0000000e+00
   3.3628045e-01   3.7838025e-01   0.0000000e+00
   3.3544333e-01   3.8360059e-01   0.0000000e+00
   3.5141297e-01   3.6835634e-01   0.0000000e+00
   3.4079189e-01   3.6748983e-01   0.0000000e+00
   3.5476079e-01   3.5201093e-01   0.0000000e+00
   3.7691279e-01   3.5612320e-01   0.0000000e+00
   3.8008974e-01   3.5332004e-01   0.0000000e+00
   3.8144253e-01   3.3813382e-01   0.0000000e+00
   3.9639330e-01   3.6303935e-01   0.0000000e+00
   4.2179502e-01   3.6339752e-01   0.0000000e+00
   4.0768581e-01   3.5511795e-01   0.0000000e+00
   3.8576641e-01   3.6860976e-01   0.0000000e+00
   4.2503934e-01   3.5874839e-01   0.0000000e+00
   4.2072291e-01   3.5599135e-01   0.0000000e+00
   4.3594876e-01   3.4928477e-01   0.0000000e+00
   4.1534522e-01   3.4857155e-01   0.0000000e+00
   4.5800430e-01   3.4707259e-01   0.0000000e+00
   4.4601351e-01   3.4664871e-01   0.0000000e+00
   4.6344581e-01   3.5025733e-01   0.0000000e+00
   4.8719928e-01   3.4944616e-01   0.0000000e+00
   4.8251670e-01   3.5207875e-01   0.0000000e+00
   4.9519314e-01   3.5620412e-01   0.0000000e+00
   4.8265711e-01   3.5144288e-01   0.0000000e+00
   4.8705157e-01   3.4833324e-01   0.0000000e+00
   4.8856491e-01   3.5457973e-01   0.0000000e+00
   5.2649667e-01   3.6925429e-01   0.0000000e+00
   5.3706719e-01   3.6433724e-01   0.0000000e+00
   5.0275274e-01   3.7571627e-01   0.0000000e+00
   5.2857332e-01   3.8409917e-01   0.0000000e+00
   5.5245318e-01   3.8188593e-01   0.0000000e+00
   5.3311939e-01   3.8214219e-01   0.0000000e+00
   5.5830633e-01   3.9183248e-01   0.0000000e+00
   5.5089975e-01   3.9229906e-01   0.0000000e+00
   5.5408458e-01   3.7667630e-01   0.0000000e+00
   5.8732479e-01   3.8039798e-01   0.0000000e+00
   5.8238786e-01   4.0208194e-01   0.0000000e+00
   5.9329773e-01   4.0243979e-01   0.0000000e+00
   5.9643410e-01   4.0744602e-01   0.0000000e+00
   5.7799553e-01   4.0693454e-01   0.0000000e+00
   6.1478628e-01   4.1817525e-01   0.0000000e+00
   5.9797992e-01   4.2236337e-01   0.0000000e+00
   6.3084164e-01   4.3009809e-01   0.0000000e+00
   6.1954413e-01   4.4222447e-01   0.0000000e+00
   6.1244691e-01   4.5525380e-01   0.0000000e+00
   6.2713611e-01   4.2475529e-01   0.0000000e+00
   6.3023498e-01   4.2526455e-01   0.0000000e+00
   6.2570905e-01   4.7244031e-01   0.0000000e+00
   6.4154132e-01   4.5522077e-01   0.0000000e+00
   6.3752830e-01   4.5659418e-01   0.0000000e+00
   6.4114898e-01   4.6551662e-01   0.0000000e+00
   6.4983462e-01   4.7324647e-01   0.0000000e+00
   6.7811871e-01   4.7747150e-01   0.0000000e+00
   6.7048578e-01   4.9293807e-01   0.0000000e+00
   6.6270803e-01   4.8440626e-01   0.0000000e+00
   6.6639476e-01   5.0068377e-01   0.0000000e+00
   6.6389860e-01   4.9716151e-01   0.0000000e+00
   6.7463219e-01   4.9747955e-01   0.0000000e+00
   6.5147838e-01   5.1775024e-01   0.0000000e+00
   6.9482560e-01   5.3193977e-01   0.0000000e+00
   6.8176599e-01   5.2487207e-01   0.0000000e+00
   6.7715009e-01   5.3967150e-01   0.0000000e+00
   6.8156397e-01   5.5558114e-01   0.0000000e+00
   7.0593478e-01   5.4568624e-01   0.0000000e+00
   6.7542842e-01   5.5961733e-01   0.0000000e+00
   7.0325946e-01   5.5063855e-01   0.0000000e+00
   6.9399416e-01   5.6868807e-01   0.0000000e+00
   6.8129367e-01   5.8599599e-01   0.0000000e+00
   7.1042394e-01   5.9092434e-01   0.0000000e+00
   6.9059285e-01   5.9409327e-01   0.0000000e+00
   7.0821167e-01   5.8404939e-01   0.0000000e+00
   6.9837059e-01   6.0525185e-01   0.0000000e+00
   6.8925181e-01   6.1689872e-01   0.0000000e+00
   6.9403588e-01   6.1316307e-01   0.0000000e+00
   3.6240739e-01   5.8285169e-01   1.0000000e+00
   2.9944971e-01   6.3733899e-01   1.0000000e+00
   3.3773384e-01   6.3295844e-01   1.0000000e+00
   3.0029372e-01   5.5962765e-01   1.0000000e+00
   3.5182303e-01   5.6986618e-01   1.0000000e+00
   3.4653349e-01   5.9644389e-01   1.0000000e+00
   3.2014512e-01   6.3819642e-01   1.0000000e+00
   3.5465106e-01   5.6720014e-01   1.0000000e+00
   3.0188801e-01   6.5243915e-01   1.0000000e+00
   3.5576694e-01   6.0250590e-01   1.0000000e+00
   3.5502604e-01   6.4633396e-01   1.0000000e+00
   3.1320421e-01   6.2928339e-01   1.0000000e+00
   3.6459977e-01   5.5616523e-01   1.0000000e+00
   3.3504417e-01   6.2630148e-01   1.0000000e+00
   3.2083719e-01   5.8216946e-01   1.0000000e+00
   3.2311402e-01   6.2365043e-01   1.0000000e+00
   3.4981694e-01   6.3426595e-01   1.0000000e+00
   3.0282850e-01   5.9563118e-01   1.0000000e+00
   3.1063444e-01   5.8604240e-01   1.0000000e+00
   3.1144708e-01   6.3599690e-01   1.0000000e+00
   3.8140022e-01   5.9021902e-01   1.0000000e+00
   3.3985785e-01   6.3838363e-01   1.0000000e+00
   3.8409833e-01   5.8502893e-01   1.0000000e+00
   3.5539836e-01   6.3051624e-01   1.0000000e+00
   3.6480723e-01   6.3269014e-01   1.0000000e+00
   3.0471078e-01   6.2954039e-01   1.0000000e+00
   3.0663240e-01   6.1354201e-01   1.0000000e+00
   3.5803275e-01   5.8065060e-01   1.0000000e+00
   3.2691636e-01   5.5194354e-01   1.0000000e+00
   3.6615862e-01   5.7872664e-01   1.0000000e+00
   3.1064321e-01   5.8230589e-01   1.0000000e+00
   3.1331012e-01   6.5096059e-01   1.0000000e+00
   3.4471515e-01   6.1803847e-01   1.0000000e+00
   3.1775438e-01   5.5774135e-01   1.0000000e+00
   3.4563973e-01   5.9680738e-01   1.0000000e+00
   3.4337435e-01   6.2919622e-01   1.0000000e+00
   3.8687843e-01   6.0700295e-01   1.0000000e+00
   3.1159790e-01   6.2620339e-01   1.0000000e+00
   3.5540598e-01   5.6204225e-01   1.0000000e+00
   3.7257599e-01   5.6942089e-01   1.0000000e+00
   2.9126891e-01   5.5877328e-01   1.0000000e+00
   3.3019396e-01   5.5485658e-01   1.0000000e+00
   3.6605005e-01   6.0821656e-01   1.0000000e+00
   3.8325065e-01   6.2836778e-01   1.0000000e+00
   3.1571948e-01   6.2598450e-01   1.0000000e+00
   2.8465277e-01   6.1535980e-01   1.0000000e+00
   3.7849058e-01   5.8827163e-01   1.0000000e+00
   3.7503270e-01   5.9108322e-01   1.0000000e+00
   3.8018387e-01   5.6459327e-01   1.0000000e+00
   3.4407397e-01   5.8762655e-01   1.0000000e+00
   2.9685864e-01   5.9209697e-01   1.0000000e+00
   3.0492342e-01   6.2755257e-01   1.0000000e+00
   3.4618379e-01   5.8657014e-01   1.0000000e+00
   2.8906331e-01   5.7838036e-01   1.0000000e+00
   3.0724905e-01   5.6361713e-01   1.0000000e+00
   3.2146230e-01   6.2828361e-01   1.0000000e+00
   3.4256556e-01   5.6734900e-01   1.0000000e+00
   3.5186707e-01   6.0186992e-01   1.0000000e+00
   3.1418379e-01   6.3592232e-01   1.0000000e+00
   2.9717848e-01   6.1193077e-01   1.0000000e+00
   3.2099954e-01   5.7048297e-01   1.0000000e+00
   3.6973425e-01   6.1439087e-01   1.0000000e+00
   3.6953953e-01   5.9834786e-01   1.0000000e+00
   3.1722336e-01   6.2467052e-01   1.0000000e+00
   3.0988219e-01   6.4572920e-01   1.0000000e+00
   3.0058575e-01   5.8423989e-01   1.0000000e+00
   3.2822758e-01   6.0825624e-01   1.0000000e+00
   3.0576776e-01   6.0720088e-01   1.0000000e+00
   3.3753188e-01   5.7273688e-01   1.0000000e+00
   3.8650485e-01   6.3592562e-01   1.0000000e+00
   3.1518313e-01   6.3886317e-01   1.0000000e+00
   3.4674645e-01   6.0914436e-01   1.0000000e+00
   3.2342874e-01   6.0154212e-01   1.0000000e+00
   3.0323060e-01   6.5117398e-01   1.0000000e+00
   3.6360152e-01   6.3707771e-01   1.0000000e+00
   5.3846433e-01   6.1316594e-01   2.0000000e+00
   5.3494289e-01   5.8791109e-01   2.0000000e+00
   5.1447643e-01   6.0724409e-01   2.0000000e+00
   5.4695031e-01   6.1942649e-01   2.0000000e+00
   5.3711143e-01   5.9022913e-01   2.0000000e+00
   5.8611876e-01   6.2271952e-01   2.0000000e+00
   5.6223652e-01   5.7243434e-01   2.0000000e+00
   5.6041883e-01   6.1712008e-01   2.0000000e+00
   5.6578740e-01   6.0063360e-01   2.0000000e+00
   5.7772109e-01   5.7264645e-01   2.0000000e+00
   5.8005001e-01   6.2284474e-01   2.0000000e+00
   5.3365057e-01   6.1383832e-01   2.0000000e+00
   5.3824902e-01   5.8782581e-01   2.0000000e+00
   5.3955842e-01   5.8116763e-01   2.0000000e+00
   5.5185026e-01   6.3061919e-01   2.0000000e+00
   5.6910714e-01   5.8560107e-01   2.0000000e+00
   5.5496759e-01   6.2437910e-01   2.0000000e+00
   5.3116691e-01   5.9982613e-01   2.0000000e+00
   5.6233647e-01   5.6120181e-01   2.0000000e+00
   5.5610913e-01   5.8849396e-01   2.0000000e+00
   5.7353653e-01   5.9407421e-01   2.0000000e+00
   5.0922714e-01   6.3531885e-01   2.0000000e+00
   5.2001830e-01   5.6667495e-01   2.0000000e+00
   5.4410725e-01   5.9667040e-01   2.0000000e+00
   5.7114309e-01   6.2730906e-01   2.0000000e+00
   5.5814112e-01   5.9330517e-01   2.0000000e+00
   5.5033718e-01   6.2432121e-01   2.0000000e+00
   5.3142595e-01   6.3082243e-01   2.0000000e+00
   5.3709233e-01   6.3263986e-01   2.0000000e+00
   5.4162305e-01   6.2118209e-01   2.0000000e+00
   5.4825987e-01   5.9506653e-01   2.0000000e+00
   5.4354553e-01   6.3330891e-01   2.0000000e+00
   5.5238718e-01   6.4321535e-01   2.0000000e+00
   5.4728999e-01   6.1575193e-01   2.0000000e+00
   5.4590680e-01   5.8550610e-01   2.0000000e+00
   5.8637250e-01   6.0375265e-01   2.0000000e+00
   5.7969690e-01   6.2836024e-01   2.0000000e+00
   5.8623939e-01   6.2289959e-01   2.0000000e+00
   5.3496071e-01   6.3891693e-01   2.0000000e+00
   5.1413570e-01   5.8983232e-01   2.0000000e+00
   5.9003506e-01   5.9746420e-01   2.0000000e+00
   5.6065895e-01   6.2256381e-01   2.0000000e+00
   5.7377186e-01   5.6699604e-01   2.0000000e+00
   5.5815489e-01   5.6474320e-01   2.0000000e+00
   5.4891890e-01   5.7129275e-01   2.0000000e+00
   5.8008444e-01   6.0510505e-01   2.0000000e+00
   5.6371019e-01   5.6180011e-01   2.0000000e+00
   5.0994375e-01   5.8690384e-01   2.0000000e+00
   5.8722983e-01   6.2366550e-01   2.0000000e+00
   5.9100945e-01   6.1361190e-01   2.0000000e+00
   5.1185249e-01   6.3774618e-01   2.0000000e+00
   5.3331295e-01   5.8338798e-01   2.0000000e+00
   5.1680036e-01   6.2404743e-01   2.0000000e+00
   5.7932091e-01   5.6562114e-01   2.0000000e+00
   5.2000899e-01   5.8619461e-01   2.0000000e+00
   5.3808714e-01   6.2867446e-01   2.0000000e+00
   5.2137038e-01   5.9010838e-01   2.0000000e+00
   5.2112819e-01   5.8791498e-01   2.0000000e+00
   5.2213414e-01   5.6267301e-01   2.0000000e+00
   5.2126381e-01   6.2602728e-01   2.0000000e+00
   5.6098119e-01   6.3368297e-01   2.0000000e+00
   5.2049459e-01   5.9796817e-01   2.0000000e+00
   5.4846957e-01   6.3647843e-01   2.0000000e+00
   5.4136017e-01   6.1158081e-01   2.0000000e+00
   5.2108899e-01   5.6201349e-01   2.0000000e+00
   5.2935317e-01   5.6352937e-01   2.0000000e+00
   5.1091779e-01   6.4360253e-01   2.0000000e+00
   5.3197377e-01   5.7419958e-01   2.0000000e+00
   5.6242843e-01   5.9953532e-01   2.0000000e+00
   5.5682054e-01   5.7341654e-01   2.0000000e+00
   5.8144543e-01   6.4291471e-01   2.0000000e+00
   5.6063593e-01   6.3429097e-01   2.0000000e+00
   5.1164622e-01   6.0169551e-01   2.0000000e+00
