   4.5446091e-01   5.1515480e-01   0.0000000e+00
   4.5501123e-01   5.1350840e-01   0.0000000e+00
   4.4759103e-01   5.1782471e-01   0.0000000e+00
   4.3572601e-01   5.2092314e-01   0.0000000e+00
   4.6408444e-01   5.2607414e-01   0.0000000e+00
   4.4609294e-01   5.2438116e-01   0.0000000e+00
   4.5289648e-01   5.2976914e-01   0.0000000e+00
   4.5423739e-01   5.3085947e-01   0.0000000e+00
   4.6904667e-01   5.2653428e-01   0.0000000e+00
   4.3962046e-01   5.4591705e-01   0.0000000e+00
   4.6108034e-01   5.3628891e-01   0.0000000e+00
   4.2922999e-01   5.4670276e-01   0.0000000e+00
   4.5411777e-01   5.4519662e-01   0.0000000e+00
   4.3683577e-01   5.2787841e-01   0.0000000e+00
   4.4178946e-01   5.4576845e-01   0.0000000e+00
   4.3026690e-01   5.1445198e-01   0.0000000e+00
   4.4874075e-01   5.1851096e-01   0.0000000e+00
   4.3618937e-01   5.4100846e-01   0.0000000e+00
   4.3590591e-01   5.2756427e-01   0.0000000e+00
   4.3518036e-01   5.3354988e-01   0.0000000e+00
   4.4332895e-01   5.3074387e-01   0.0000000e+00
   4.4181780e-01   5.1802333e-01   0.0000000e+00
   4.3680432e-01   5.3385498e-01   0.0000000e+00
   4.3248544e-01   5.4122361e-01   0.0000000e+00
   4.2242747e-01   5.2702283e-01   0.0000000e+00
   4.4436284e-01   5.2179423e-01   0.0000000e+00
   4.3729036e-01   5.1196696e-01   0.0000000e+00
   4.3285064e-01   5.1505674e-01   0.0000000e+00
   4.4310582e-01   5.2792756e-01   0.0000000e+00
   4.3807437e-01   5.2762910e-01   0.0000000e+00
   4.3046823e-01   5.1560109e-01   0.0000000e+00
   4.0518425e-01   5.1879147e-01   0.0000000e+00
   4.2016030e-01   5.1814408e-01   0.0000000e+00
   4.2526810e-01   5.1347474e-01   0.0000000e+00
   4.1658350e-01   5.0634678e-01   0.0000000e+00
   4.2816085e-01   4.9590875e-01   0.0000000e+00
   4.5106377e-01   5.1092881e-01   0.0000000e+00
   4.1460000e-01   4.9516397e-01   0.0000000e+00
   4.4895107e-01   5.1977015e-01   0.0000000e+00
   4.4668728e-01   5.0353801e-01   0.0000000e+00
   4.2865217e-01   4.9264031e-01   0.0000000e+00
   4.3110572e-01   5.0490387e-01   0.0000000e+00
   4.4045926e-01   5.0245428e-01   0.0000000e+00
   4.2979758e-01   5.2015928e-01   0.0000000e+00
   4.3991154e-01   4.9925878e-01   0.0000000e+00
   4.4774323e-01   4.8960190e-01   0.0000000e+00
   4.3901034e-01   4.9619576e-01   0.0000000e+00
   4.5382383e-01   4.8545771e-01   0.0000000e+00
   4.5619451e-01   4.9801405e-01   0.0000000e+00
   4.4982756e-01   5.0940756e-01   0.0000000e+00
   4.4755275e-01   4.9052436e-01   0.0000000e+00
   4.5182528e-01   5.2000939e-01   0.0000000e+00
   4.5525393e-01   5.1723663e-01   0.0000000e+00
   4.6317330e-01   5.0765193e-01   0.0000000e+00
   4.5239759e-01   5.1671155e-01   0.0000000e+00
   4.4675781e-01   5.2149796e-01   0.0000000e+00
   4.6562965e-01   5.0620973e-01   0.0000000e+00
   4.6459182e-01   5.1303341e-01   0.0000000e+00
   4.5338152e-01   5.2325487e-01   0.0000000e+00
   4.5429038e-01   5.1770279e-01   0.0000000e+00
   4.5177401e-01   5.1413392e-01   0.0000000e+00
   5.7564822e-01   5.1468968e-01   1.0000000e+00
   5.7363967e-01   5.1299507e-01   1.0000000e+00
   5.7354376e-01   5.3142803e-01   1.0000000e+00
   5.8478172e-01   5.0773874e-01   1.0000000e+00
   5.7868826e-01   5.5070037e-01   1.0000000e+00
   5.8178581e-01   5.4937207e-01   1.0000000e+00
   5.8778433e-01   5.5159873e-01   1.0000000e+00
   5.6906819e-01   5.7198957e-01   1.0000000e+00
   5.7126298e-01   5.6106909e-01   1.0000000e+00
   5.6882750e-01   5.8086105e-01   1.0000000e+00
   5.5435800e-01   5.6380860e-01   1.0000000e+00
   5.4376603e-01   5.6812754e-01   1.0000000e+00
   5.4735260e-01   5.6265874e-01   1.0000000e+00
   5.5555980e-01   5.9394227e-01   1.0000000e+00
   5.5440550e-01   6.0713600e-01   1.0000000e+00
   5.5136265e-01   6.0158519e-01   1.0000000e+00
   5.4187249e-01   6.0559769e-01   1.0000000e+00
   5.5102201e-01   6.0362723e-01   1.0000000e+00
   5.4836997e-01   6.0867685e-01   1.0000000e+00
   5.1728927e-01   6.4770326e-01   1.0000000e+00
   5.4445621e-01   6.1527443e-01   1.0000000e+00
   5.1627391e-01   6.3619560e-01   1.0000000e+00
   5.0694149e-01   6.4377990e-01   1.0000000e+00
   5.0248561e-01   6.3622327e-01   1.0000000e+00
   5.1136688e-01   6.4510961e-01   1.0000000e+00
   5.1103179e-01   6.3141746e-01   1.0000000e+00
   4.9489933e-01   6.5884593e-01   1.0000000e+00
   4.7538103e-01   6.4476428e-01   1.0000000e+00
   4.8217319e-01   6.5018977e-01   1.0000000e+00
   4.7790214e-01   6.5041823e-01   1.0000000e+00
   4.7168238e-01   6.4660891e-01   1.0000000e+00
   4.6075487e-01   6.2074804e-01   1.0000000e+00
   4.6182920e-01   6.4192269e-01   1.0000000e+00
   4.4629810e-01   6.4470110e-01   1.0000000e+00
   4.4270887e-01   6.6736666e-01   1.0000000e+00
   4.3322231e-01   6.5430672e-01   1.0000000e+00
   4.4651197e-01   6.6623856e-01   1.0000000e+00
   4.2992662e-01   6.5531839e-01   1.0000000e+00
   4.2038846e-01   6.5137344e-01   1.0000000e+00
   4.2406591e-01   6.5138722e-01   1.0000000e+00
   4.2391827e-01   6.4428154e-01   1.0000000e+00
   4.0510083e-01   6.4150373e-01   1.0000000e+00
   4.0068812e-01   6.3761704e-01   1.0000000e+00
   3.9315023e-01   6.4530039e-01   1.0000000e+00
   4.0286257e-01   6.4112050e-01   1.0000000e+00
   3.9050047e-01   6.2554987e-01   1.0000000e+00
   3.6046812e-01   6.2413637e-01   1.0000000e+00
   3.7360968e-01   6.1354576e-01   1.0000000e+00
   3.7887503e-01   6.1572165e-01   1.0000000e+00
   3.6118781e-01   6.1906536e-01   1.0000000e+00
   3.6811246e-01   6.2731802e-01   1.0000000e+00
   3.4641449e-01   6.2099048e-01   1.0000000e+00
   3.3791307e-01   6.1473643e-01   1.0000000e+00
   3.5625297e-01   6.0940708e-01   1.0000000e+00
   3.5203151e-01   5.9185788e-01   1.0000000e+00
   3.3752762e-01   6.0542783e-01   1.0000000e+00
   3.3600489e-01   5.8435968e-01   1.0000000e+00
   3.3853016e-01   5.8843580e-01   1.0000000e+00
   3.1483420e-01   5.9407142e-01   1.0000000e+00
   3.1875086e-01   5.8434011e-01   1.0000000e+00
   3.2341040e-01   5.8164284e-01   1.0000000e+00
   3.0112177e-01   5.6642105e-01   1.0000000e+00
   3.2638821e-01   5.5484701e-01   1.0000000e+00
   3.2593522e-01   5.5371479e-01   1.0000000e+00
   3.0744127e-01   5.4717203e-01   1.0000000e+00
   3.2387200e-01   5.3233953e-01   1.0000000e+00
   3.0429174e-01   5.5214973e-01   1.0000000e+00
   3.3242510e-01   5.2487452e-01   1.0000000e+00
   3.0653079e-01   5.1993874e-01   1.0000000e+00
   3.2256679e-01   5.3970405e-01   1.0000000e+00
   3.1677283e-01   5.3037882e-01   1.0000000e+00
   3.0894352e-01   5.0216454e-01   1.0000000e+00
   3.0779668e-01   5.0022599e-01   1.0000000e+00
   3.0852111e-01   4.9717647e-01   1.0000000e+00
   3.0998279e-01   4.9528986e-01   1.0000000e+00
   2.9675620e-01   4.6298657e-01   1.0000000e+00
   3.2308552e-01   4.4978505e-01   1.0000000e+00
   3.3066318e-01   4.6427118e-01   1.0000000e+00
   3.1946964e-01   4.7568501e-01   1.0000000e+00
   3.3484574e-01   4.5934463e-01   1.0000000e+00
   3.3747997e-01   4.6302839e-01   1.0000000e+00
   3.2988804e-01   4.6275656e-01   1.0000000e+00
   3.3502067e-01   4.4898550e-01   1.0000000e+00
   3.4414122e-01   4.3357090e-01   1.0000000e+00
   3.4304357e-01   4.3017984e-01   1.0000000e+00
   3.4310149e-01   4.4246743e-01   1.0000000e+00
   3.5067292e-01   4.1337103e-01   1.0000000e+00
   3.5314492e-01   4.2049569e-01   1.0000000e+00
   3.4865412e-01   4.2677376e-01   1.0000000e+00
   3.6263414e-01   4.1544506e-01   1.0000000e+00
   3.6091403e-01   4.0081405e-01   1.0000000e+00
   3.7341025e-01   4.0490631e-01   1.0000000e+00
   3.8618124e-01   3.9481531e-01   1.0000000e+00
   3.7887945e-01   3.9910564e-01   1.0000000e+00
   4.0929385e-01   4.1040971e-01   1.0000000e+00
   3.8660224e-01   4.1978986e-01   1.0000000e+00
   3.9276356e-01   3.9775344e-01   1.0000000e+00
   4.0756621e-01   4.2509387e-01   1.0000000e+00
   3.9423979e-01   4.1507273e-01   1.0000000e+00
   4.2768072e-01   4.0399864e-01   1.0000000e+00
   4.4218223e-01   3.8514795e-01   1.0000000e+00
   4.2083374e-01   3.9654617e-01   1.0000000e+00
   4.2307105e-01   4.0165671e-01   1.0000000e+00
   4.5650593e-01   3.9686936e-01   1.0000000e+00
   4.4664492e-01   3.9082761e-01   1.0000000e+00
   4.5239201e-01   3.9654221e-01   1.0000000e+00
   4.5702182e-01   3.7732955e-01   1.0000000e+00
   4.6887700e-01   3.9407352e-01   1.0000000e+00
   4.8215794e-01   3.8514486e-01   1.0000000e+00
   4.8783095e-01   3.9793483e-01   1.0000000e+00
   4.7512400e-01   4.0693556e-01   1.0000000e+00
   4.7202013e-01   3.8975046e-01   1.0000000e+00
   4.8844061e-01   3.8909285e-01   1.0000000e+00
   4.9442839e-01   3.9719166e-01   1.0000000e+00
   4.9294116e-01   4.1097597e-01   1.0000000e+00
   5.0527632e-01   4.0798997e-01   1.0000000e+00
   5.2068796e-01   4.2040821e-01   1.0000000e+00
   5.1251383e-01   4.0581460e-01   1.0000000e+00
   5.2165301e-01   4.1352228e-01   1.0000000e+00
   5.3748333e-01   4.0869628e-01   1.0000000e+00
   5.4454575e-01   4.1711565e-01   1.0000000e+00
   5.3151128e-01   4.2217131e-01   1.0000000e+00
   5.6127909e-01   4.4307835e-01   1.0000000e+00
   5.3784666e-01   4.4514415e-01   1.0000000e+00
   5.5344864e-01   4.3990375e-01   1.0000000e+00
   5.6096036e-01   4.4802628e-01   1.0000000e+00
   5.4879502e-01   4.5642586e-01   1.0000000e+00
   5.6411839e-01   4.4770801e-01   1.0000000e+00
   5.6039177e-01   4.5595205e-01   1.0000000e+00
   5.5459828e-01   4.7657613e-01   1.0000000e+00
   5.5334634e-01   4.6638787e-01   1.0000000e+00
   5.7287060e-01   4.8046420e-01   1.0000000e+00
   5.9181460e-01   4.8056008e-01   1.0000000e+00
   5.5941587e-01   4.9200059e-01   1.0000000e+00
   5.7917565e-01   4.8689462e-01   1.0000000e+00
   5.6723384e-01   5.0676493e-01   1.0000000e+00
   5.7733315e-01   5.1709820e-01   1.0000000e+00
   5.9780565e-01   5.0723084e-01   1.0000000e+00
   5.9508392e-01   5.1198055e-01   1.0000000e+00
   7.8178263e-01   5.1379684e-01   2.0000000e+00
   7.7852706e-01   5.2043623e-01   2.0000000e+00
   7.8731553e-01   5.7918165e-01   2.0000000e+00
   7.8833386e-01   5.7822950e-01   2.0000000e+00
   7.6961343e-01   5.8951070e-01   2.0000000e+00
   7.4497219e-01   6.1285527e-01   2.0000000e+00
   7.6151004e-01   6.4338817e-01   2.0000000e+00
   7.5142609e-01   6.7016999e-01   2.0000000e+00
   7.2968275e-01   6.7701193e-01   2.0000000e+00
   7.0582842e-01   7.1226973e-01   2.0000000e+00
   7.1117687e-01   7.2016312e-01   2.0000000e+00
   6.9045240e-01   7.4558485e-01   2.0000000e+00
   6.9083807e-01   7.4595040e-01   2.0000000e+00
   6.5866240e-01   7.7818381e-01   2.0000000e+00
   6.4442104e-01   7.6118624e-01   2.0000000e+00
   6.2069716e-01   7.8947086e-01   2.0000000e+00
   6.0490262e-01   8.0687113e-01   2.0000000e+00
   6.0758862e-01   8.0785155e-01   2.0000000e+00
   5.7324861e-01   8.0745435e-01   2.0000000e+00
   5.5976380e-01   8.2507719e-01   2.0000000e+00
   5.5364325e-01   8.2798273e-01   2.0000000e+00
   5.2690188e-01   8.4257918e-01   2.0000000e+00
   5.0513559e-01   8.6303699e-01   2.0000000e+00
   4.5724545e-01   8.4898746e-01   2.0000000e+00
   4.6852584e-01   8.5961549e-01   2.0000000e+00
   4.2359206e-01   8.6040566e-01   2.0000000e+00
   4.1462122e-01   8.4259667e-01   2.0000000e+00
   3.9986395e-01   8.4406474e-01   2.0000000e+00
   3.5712578e-01   8.4643029e-01   2.0000000e+00
   3.4907255e-01   8.2673150e-01   2.0000000e+00
   3.0711937e-01   8.3301401e-01   2.0000000e+00
   3.0230902e-01   8.2175210e-01   2.0000000e+00
   2.8346688e-01   8.1446026e-01   2.0000000e+00
   2.8206610e-01   7.9796510e-01   2.0000000e+00
   2.4806015e-01   7.8282583e-01   2.0000000e+00
   2.2596056e-01   7.7168473e-01   2.0000000e+00
   2.1423397e-01   7.5262030e-01   2.0000000e+00
   1.8702596e-01   7.5456737e-01   2.0000000e+00
   1.7997105e-01   7.5215087e-01   2.0000000e+00
   1.8135950e-01   7.2378070e-01   2.0000000e+00
   1.4895826e-01   7.0324407e-01   2.0000000e+00
   1.4982429e-01   6.7532262e-01   2.0000000e+00
   1.3926971e-01   6.4586395e-01   2.0000000e+00
   1.4062940e-01   6.2585923e-01   2.0000000e+00
   1.1943158e-01   6.1727816e-01   2.0000000e+00
   1.3517834e-01   5.9584437e-01   2.0000000e+00
   1.2171540e-01   5.7002586e-01   2.0000000e+00
   1.0381624e-01   5.5070513e-01   2.0000000e+00
   1.2501312e-01   5.3383950e-01   2.0000000e+00
   9.6776085e-02   5.1774896e-01   2.0000000e+00
   1.1975079e-01   4.8484374e-01   2.0000000e+00
   1.1090840e-01   4.7025756e-01   2.0000000e+00
   1.2264660e-01   4.7772209e-01   2.0000000e+00
   1.1915721e-01   4.4833914e-01   2.0000000e+00
   1.2946004e-01   4.1359388e-01   2.0000000e+00
   1.2426987e-01   3.8439015e-01   2.0000000e+00
   1.4812182e-01   3.5907896e-01   2.0000000e+00
   1.6921605e-01   3.6878309e-01   2.0000000e+00
   1.5055312e-01   3.2465050e-01   2.0000000e+00
   1.8274071e-01   3.0523580e-01   2.0000000e+00
   1.9551936e-01   3.0120204e-01   2.0000000e+00
   1.9487235e-01   2.7782357e-01   2.0000000e+00
   2.1160723e-01   2.6532651e-01   2.0000000e+00
   2.3486287e-01   2.6388092e-01   2.0000000e+00
   2.6130890e-01   2.3965289e-01   2.0000000e+00
   2.6304366e-01   2.3044876e-01   2.0000000e+00
   2.9838302e-01   2.2254211e-01   2.0000000e+00
   2.9666452e-01   2.0867530e-01   2.0000000e+00
   3.3561498e-01   2.0609130e-01   2.0000000e+00
   3.5565025e-01   1.9393337e-01   2.0000000e+00
   3.5512026e-01   1.6976286e-01   2.0000000e+00
   3.9638136e-01   1.9066233e-01   2.0000000e+00
   3.9140486e-01   1.7904031e-01   2.0000000e+00
   4.2087895e-01   1.7054645e-01   2.0000000e+00
   4.5095127e-01   1.8951326e-01   2.0000000e+00
   4.7229574e-01   2.0186809e-01   2.0000000e+00
   4.9342929e-01   1.8204171e-01   2.0000000e+00
   5.0260005e-01   1.6320612e-01   2.0000000e+00
   5.3113478e-01   1.9856759e-01   2.0000000e+00
   5.5460475e-01   1.9298382e-01   2.0000000e+00
   6.0171568e-01   2.0564559e-01   2.0000000e+00
   5.8279058e-01   2.3432677e-01   2.0000000e+00
   5.9867634e-01   2.2332303e-01   2.0000000e+00
   6.2520712e-01   2.4650377e-01   2.0000000e+00
   6.3350375e-01   2.6743098e-01   2.0000000e+00
   6.6265075e-01   2.6750506e-01   2.0000000e+00
   6.7500413e-01   2.7635061e-01   2.0000000e+00
   6.9680123e-01   3.0608257e-01   2.0000000e+00
   7.0017821e-01   3.0023540e-01   2.0000000e+00
   7.3559899e-01   3.5726743e-01   2.0000000e+00
   7.1973430e-01   3.6457697e-01   2.0000000e+00
   7.4865712e-01   3.4562916e-01   2.0000000e+00
   7.4445591e-01   3.9311910e-01   2.0000000e+00
   7.4389367e-01   4.0871042e-01   2.0000000e+00
   7.5363441e-01   4.1811517e-01   2.0000000e+00
   7.7551143e-01   4.5904142e-01   2.0000000e+00
   7.6576584e-01   4.8806357e-01   2.0000000e+00
   7.8745164e-01   5.0066146e-01   2.0000000e+00
   7.7606019e-01   5.2504731e-01   2.0000000e+00
